643
1 288 247 344
2 233 72 344
2 363 3 297
2 481 357 399
3 394 212 344
4 241 439 474
4 269 223 259
4 447 117 477
5 416 169 255
5 500 277 500
5 500 293 500
6 55 18 181
6 218 324 343
6 300 35 122
6 324 29 128
6 500 437 500
6 500 447 500
7 100 14 421
7 404 176 317
8 43 159 198
8 226 126 456
8 292 37 420
8 332 138 497
9 11 131 148
9 28 171 210
9 47 256 276
9 168 17 456
9 269 162 174
9 372 328 461
9 427 402 406
9 500 157 500
9 500 442 500
10 116 231 423
10 354 452 486
10 500 40 500
10 500 309 500
11 28 107 245
13 70 103 260
14 382 63 283
14 389 281 388
15 201 225 474
15 318 302 445
15 379 148 345
16 119 54 153
16 500 61 500
16 500 261 500
17 217 376 422
17 426 95 499
18 33 47 176
18 245 84 137
21 80 59 194
21 129 52 382
21 279 118 222
22 146 65 80
22 392 113 414
23 53 201 384
23 420 17 418
23 500 71 500
23 500 383 500
24 500 199 500
24 500 251 500
25 284 9 94
26 130 156 238
26 492 67 177
27 333 378 392
27 347 168 378
27 347 221 385
28 62 389 439
28 394 50 192
29 500 383 500
29 500 403 500
30 286 142 320
30 376 43 234
31 161 242 433
31 222 139 218
32 149 18 178
32 338 60 136
33 141 98 477
33 280 243 294
33 285 58 168
34 151 105 111
34 200 120 337
35 266 103 406
35 447 44 131
36 64 143 466
37 152 228 367
37 189 140 278
37 197 133 342
37 290 107 244
37 453 188 349
38 211 32 251
38 235 307 350
38 434 1 203
38 493 125 378
40 356 1 290
40 442 49 286
41 179 91 361
41 500 90 500
41 500 261 500
43 315 103 270
43 335 64 348
44 318 200 346
44 500 292 500
44 500 329 500
46 241 122 235
47 240 128 281
48 431 254 427
48 500 75 500
48 500 293 500
49 112 371 495
49 486 305 457
50 142 3 145
50 170 31 355
50 177 136 160
50 211 74 196
51 268 99 193
53 210 47 497
54 299 172 184
54 429 2 355
54 464 8 324
55 129 266 389
55 271 192 456
56 268 39 158
57 60 210 456
57 325 421 429
57 437 38 498
57 493 358 373
57 500 5 500
57 500 309 500
59 86 115 178
59 125 224 404
59 349 205 427
60 144 140 468
60 323 3 208
62 491 164 435
63 297 223 372
64 202 47 106
64 413 170 395
64 500 383 500
64 500 385 500
65 347 220 498
66 416 227 411
66 500 10 500
66 500 298 500
67 414 196 251
68 174 20 341
69 390 217 496
70 346 11 276
70 403 441 450
72 155 209 499
72 326 193 260
72 348 343 473
74 179 73 231
74 420 412 413
75 140 24 356
75 154 82 289
75 179 69 416
75 374 385 401
75 389 49 201
76 312 12 207
76 327 90 132
76 432 235 385
77 97 2 177
77 159 263 483
78 107 63 101
79 153 89 285
79 463 383 397
80 96 173 384
80 373 193 387
80 414 141 216
81 122 33 51
81 321 273 387
82 281 117 318
82 340 32 478
82 388 426 487
83 424 84 209
84 394 60 296
85 385 274 366
85 386 200 211
85 419 102 286
86 332 188 215
87 488 244 409
88 376 284 328
88 497 157 377
89 128 61 230
89 415 109 155
92 203 90 488
92 500 249 500
92 500 261 500
94 156 21 34
94 191 302 346
94 500 111 500
94 500 120 500
96 236 131 494
96 308 105 411
96 329 28 453
97 175 203 371
97 300 324 325
97 400 154 432
98 242 158 322
98 329 218 448
98 467 14 425
98 492 49 144
99 238 63 426
100 307 25 205
100 500 21 500
100 500 352 500
102 456 267 325
102 465 424 472
103 185 8 205
103 500 63 500
103 500 103 500
105 309 64 125
105 481 298 451
105 484 238 306
108 500 298 500
108 500 412 500
109 361 302 471
110 272 138 413
111 210 1 8
112 489 114 176
115 395 44 126
116 309 247 379
116 327 338 429
116 357 60 424
116 392 35 410
116 482 324 372
117 151 158 421
118 172 328 429
118 214 411 462
118 500 25 500
118 500 49 500
119 302 108 267
121 461 206 370
122 168 207 276
123 231 366 474
125 444 68 369
127 391 78 186
127 498 178 276
127 500 159 500
127 500 233 500
128 190 23 400
129 378 238 455
129 500 90 500
129 500 406 500
130 256 362 490
130 401 244 419
131 321 98 348
132 174 442 450
132 462 205 314
133 177 112 123
133 231 106 260
133 319 20 255
134 328 243 332
134 338 41 72
134 445 119 146
134 500 113 500
134 500 430 500
135 457 36 403
136 236 33 346
137 328 200 423
137 500 78 500
137 500 330 500
138 201 336 428
138 254 124 289
138 427 230 298
138 477 19 403
140 188 53 420
141 252 1 410
142 232 59 441
142 348 25 169
142 363 2 495
143 149 396 469
143 194 399 452
143 463 340 344
145 153 73 165
145 205 133 293
145 295 365 470
146 289 110 473
146 438 78 404
148 344 241 344
150 188 180 403
150 188 235 283
150 281 417 472
150 500 464 500
152 165 172 435
152 235 258 374
153 438 156 229
154 500 71 500
154 500 201 500
155 304 34 112
155 314 272 326
156 500 40 500
156 500 301 500
157 353 5 308
158 500 164 500
158 500 238 500
159 292 235 293
159 426 39 339
160 500 116 500
160 500 469 500
161 364 243 435
163 194 178 419
163 457 272 354
163 500 75 500
163 500 256 500
164 243 135 224
164 335 203 308
164 401 43 271
166 311 372 483
167 500 78 500
167 500 424 500
168 202 361 492
170 221 81 463
170 380 238 336
171 406 329 442
171 500 311 500
171 500 447 500
173 353 204 256
175 413 161 243
176 286 118 247
176 472 256 462
177 215 72 329
177 443 374 492
178 361 77 445
178 402 56 366
179 350 135 197
179 352 224 262
179 372 424 469
181 395 90 373
181 415 135 311
182 183 103 212
182 325 102 141
183 469 24 386
184 214 35 165
184 412 80 179
185 384 187 481
186 338 70 181
187 278 188 356
188 320 16 333
188 420 263 355
189 307 26 257
189 394 111 202
190 414 104 243
190 500 63 500
190 500 234 500
192 278 21 119
192 371 50 170
192 500 320 500
192 500 498 500
193 288 153 190
193 376 94 484
195 500 83 500
195 500 111 500
196 416 74 459
199 204 28 214
199 302 3 247
199 352 144 318
200 356 403 493
200 500 278 500
200 500 383 500
202 246 353 436
202 432 5 216
204 500 249 500
204 500 406 500
207 500 40 500
207 500 101 500
207 500 307 500
207 500 389 500
208 309 61 470
208 317 232 352
209 426 364 465
210 329 70 270
210 333 85 232
211 267 368 454
212 362 171 395
214 232 384 493
215 233 171 277
215 261 131 342
216 231 105 412
216 262 93 204
217 316 341 416
218 486 142 396
219 303 407 496
219 375 233 369
219 397 126 492
220 268 221 309
220 461 30 259
223 256 418 481
225 243 165 293
225 429 140 214
226 263 110 309
226 287 438 493
229 348 271 362
229 500 159 500
229 500 200 500
230 496 425 458
231 270 210 363
231 302 281 397
231 331 36 490
231 493 82 113
232 302 284 389
233 387 155 444
233 452 202 320
234 438 437 446
234 500 140 500
234 500 311 500
235 254 106 276
235 361 116 237
235 500 164 500
235 500 469 500
236 290 141 466
237 280 97 214
238 394 175 311
240 392 312 375
241 313 112 424
241 329 96 240
241 433 129 357
241 500 45 500
241 500 200 500
242 380 136 177
249 259 384 445
252 269 70 292
252 500 8 500
252 500 14 500
259 290 90 388
259 500 8 500
259 500 293 500
260 266 99 359
260 286 440 456
262 387 301 461
264 265 60 240
264 343 199 328
264 500 87 500
264 500 292 500
268 274 32 91
268 370 28 414
269 368 181 357
270 393 80 240
270 500 14 500
270 500 63 500
271 406 129 331
271 423 35 408
272 279 70 254
272 328 314 315
274 325 454 480
275 398 258 398
275 443 147 444
275 474 352 382
276 299 10 491
279 359 121 126
279 500 111 500
279 500 352 500
280 326 291 325
281 500 340 500
281 500 345 500
282 315 360 391
283 493 34 364
284 347 410 480
286 399 53 114
287 341 300 307
287 431 301 464
287 470 197 334
290 407 14 124
293 357 273 311
294 374 56 311
294 500 63 500
294 500 293 500
295 349 56 225
298 488 60 349
299 462 175 205
302 500 201 500
302 500 385 500
303 320 238 278
303 344 394 403
304 359 58 408
304 431 298 350
305 378 45 199
306 475 268 405
309 327 165 180
309 406 223 270
309 421 293 427
310 399 99 358
310 408 205 231
311 329 157 357
312 374 311 349
313 477 9 209
313 500 249 500
313 500 277 500
316 391 389 475
317 454 156 485
317 500 236 500
317 500 424 500
319 350 15 468
319 446 96 193
323 331 138 381
324 469 454 480
327 382 112 166
327 445 211 316
328 500 157 500
328 500 256 500
329 500 140 500
329 500 159 500
329 500 236 500
329 500 437 500
333 394 184 488
334 445 88 280
340 388 68 466
340 473 450 496
340 500 127 500
340 500 335 500
341 446 59 99
342 500 21 500
342 500 320 500
344 417 256 340
344 440 107 484
344 452 445 455
344 500 251 500
344 500 372 500
347 500 111 500
347 500 202 500
348 423 185 448
348 430 29 284
349 481 287 361
349 500 88 500
349 500 345 500
354 360 286 472
354 424 145 354
354 435 142 302
354 500 40 500
354 500 173 500
356 500 277 500
356 500 442 500
357 373 61 191
357 500 127 500
357 500 278 500
358 500 101 500
358 500 103 500
359 395 204 426
360 488 158 410
362 500 65 500
362 500 321 500
363 417 53 380
363 437 91 161
364 365 18 271
364 427 330 341
366 439 13 375
368 385 52 178
368 490 258 339
369 481 41 485
370 478 422 467
371 500 147 500
371 500 341 500
372 433 87 379
374 500 85 500
374 500 261 500
376 380 360 441
378 487 127 227
378 500 181 500
378 500 267 500
379 500 6 500
379 500 330 500
385 398 405 407
386 494 40 146
386 500 301 500
386 500 341 500
387 412 29 498
387 435 199 268
388 402 327 336
388 500 87 500
388 500 199 500
391 494 34 209
392 500 340 500
392 500 400 500
393 491 325 470
403 458 273 435
403 479 2 269
406 500 147 500
406 500 329 500
406 500 372 500
406 500 430 500
407 479 216 498
407 500 113 500
407 500 119 500
408 500 159 500
408 500 277 500
412 493 40 62
413 500 61 500
413 500 238 500
413 500 321 500
413 500 403 500
417 500 10 500
417 500 342 500
420 456 64 153
420 500 49 500
420 500 73 500
422 439 274 304
425 477 72 110
428 500 119 500
428 500 343 500
430 488 313 388
433 437 140 194
434 500 103 500
434 500 307 500
435 500 25 500
435 500 73 500
436 500 342 500
436 500 412 500
438 477 230 241
443 472 127 191
443 500 85 500
443 500 120 500
443 500 335 500
443 500 490 500
445 488 302 347
446 453 324 331
446 500 2 500
446 500 343 500
447 500 6 500
447 500 45 500
450 452 19 157
464 500 88 500
464 500 400 500
465 500 278 500
465 500 460 500
468 476 203 260
469 500 103 500
469 500 234 500
474 500 65 500
474 500 116 500
478 500 490 500
478 500 498 500
484 491 191 474
489 500 5 500
489 500 173 500
491 500 464 500
492 499 72 424
495 500 2 500
495 500 389 500
499 500 233 500
499 500 249 500
500 500 83 500
500 500 202 500