151 564
15 564
162 564
252 564
41 564
564 917
359 564
564 769
57 564
564 926
113 564
564 957
564 810
564 631
214 564
564 617
148 564
224 564
552 564
58 564
564 720
119 564
385 564
59 564
564 994
352 564
36 564
207 564
336 564
564 978
564 748
496 564
158 564
142 564
95 564
397 564
564 754
19 564
382 564
412 564
564 691
399 564
413 564
564 725
180 564
564 715
124 564
564 836
564 672
465 564
564 859
564 739
150 564
445 564
433 564
284 564
458 564
564 765
564 629
553 564
435 564
98 564
564 988
62 564
287 564
39 564
447 564
138 564
564 606
199 564
243 564
452 564
101 564
34 564
564 608
13 564
43 564
313 564
564 666
542 564
564 922
231 564
92 564
511 564
204 564
106 564
196 564
564 816
564 979
479 564
409 564
396 564
389 564
25 564
375 564
564 907
125 564
543 564
564 792
46 564