444 848
473 848
123 848
609 848
772 848
832 848
468 848
181 848
241 848
182 848
90 848
136 848
166 848
704 848
228 848
389 848
265 848
176 848
393 848
774 848
56 848
848 896
631 848
404 848
354 848
319 848
724 848
747 848
678 848
139 848
345 848
135 848
848 932
818 848
690 848
848 902
73 848
848 988
848 877
848 972
564 848
59 848
535 848
732 848
752 848
359 848
848 908
756 848
440 848
434 848
648 848
475 848
848 858
252 848
439 848
313 848
526 848
839 848
134 848
848 895
848 897
686 848
150 848
17 848
492 848
85 848
763 848
156 848
695 848
332 848
563 848
357 848
148 848
221 848
109 848
120 848
848 930
441 848
12 848
495 848
808 848
70 848
811 848
705 848
276 848
739 848
198 848
118 848
810 848
779 848
589 848
168 848
546 848
791 848
775 848
329 848
160 848
297 848
311 848
305 848