500
2 77 57 207
3 78 319 469
4 154 1030 1105
6 81 625 775
13 88 1320 1470
15 165 796 871
24 174 190 265
24 174 620 695
29 1444 1282 1357
32 107 348 498
32 1317 590 665
36 186 404 479
38 188 319 394
39 114 49 199
39 189 1243 1318
40 190 1 76
42 192 945 1020
43 193 14 89
44 119 355 505
45 120 343 493
48 123 1030 1180
49 124 116 404
49 124 267 555
50 200 1143 1218
53 128 836 986
53 958 312 387
54 204 666 741
56 206 1245 1320
62 212 492 567
62 212 1063 1138
64 214 62 137
65 140 932 1082
70 1043 131 206
72 147 287 437
74 341 1204 1279
78 153 1171 1321
82 232 533 608
84 159 962 1188
84 159 1038 1112
85 160 1018 1168
89 164 1325 1475
94 169 1296 1446
94 244 512 587
97 172 1199 1349
97 855 1265 1340
104 254 298 373
109 259 129 204
117 267 902 977
120 195 391 541
120 270 737 812
125 200 692 842
129 204 1164 1314
131 206 107 257
132 207 767 917
135 210 705 1247
135 210 856 1398
137 212 616 766
149 224 660 810
150 300 424 499
151 301 1263 1338
157 232 1177 1327
157 307 181 256
157 307 785 860
158 308 1406 1481
163 238 1170 1320
172 225 645 795
172 247 375 525
180 1293 1282 1357
182 257 1105 1255
183 1468 590 665
188 711 1156 1306
190 340 307 382
197 272 1318 1468
200 275 402 552
204 1109 312 387
207 357 550 625
208 283 1148 1298
210 360 1271 1346
215 365 968 1043
216 291 623 773
216 1238 547 697
218 368 1231 1306
220 482 377 527
221 892 131 206
223 373 480 555
225 492 1204 1279
227 377 71 146
229 304 1010 1160
230 380 811 886
232 307 961 1111
232 669 804 879
236 311 854 1004
237 312 972 1122
240 315 443 593
240 390 81 156
242 394 902 1052
246 321 1211 1361
247 322 604 754
247 353 1068 1218
248 301 645 795
248 323 1052 1202
248 398 1373 1448
248 704 1265 1340
249 399 1410 1485
250 400 1101 1176
254 404 294 369
256 406 520 595
262 412 1316 1391
264 787 1156 1306
266 341 87 237
266 416 913 988
269 1132 273 423
283 358 411 561
286 361 149 299
288 363 937 1087
292 1162 547 697
293 443 949 1024
295 370 165 315
296 809 377 527
297 372 198 348
298 448 647 722
299 449 384 459
301 376 1342 1492
301 451 1157 1232
302 452 840 915
303 453 1258 1333
303 664 1177 1327
303 1487 927 1002
305 380 1013 1163
309 384 623 773
311 407 653 728
318 470 902 1052
319 394 985 1135
323 429 1068 1218
328 478 628 703
330 480 1086 1161
332 482 284 359
335 485 1017 1092
336 382 6 81
336 411 675 1043
336 411 826 892
339 414 973 1123
345 1056 273 423
348 423 81 231
350 425 395 545
355 430 103 253
357 507 1119 1194
357 507 1223 1298
358 508 1023 1098
363 438 261 411
365 515 161 1083
365 515 237 1159
367 517 286 361
375 450 112 262
379 454 1115 1265
379 588 1177 1327
381 624 492 642
383 820 804 879
385 535 252 327
394 469 27 1396
394 469 178 1245
395 470 374 524
397 547 345 420
403 478 356 506
409 559 872 947
414 564 602 677
418 493 915 1065
423 498 30 180
425 575 1060 1135
428 503 1296 1446
433 508 833 983
434 509 824 974
438 513 731 881
439 589 1072 1147
442 517 1111 1233
442 517 1262 1384
444 594 1405 1480
448 523 894 1044
451 601 1106 1181
454 604 969 1310
454 604 1045 1386
454 1336 927 1002
457 700 492 642
462 558 653 728
463 613 906 981
467 617 558 633
469 544 1213 1363
470 620 130 205
487 533 6 81
488 638 653 728
497 647 396 471
504 1049 171 321
506 581 204 354
513 663 240 315
515 590 647 797
515 665 1038 1113
520 595 285 435
535 685 807 882
536 686 937 1012
543 618 796 1478
543 618 947 1327
543 693 244 319
548 623 786 936
550 700 313 388
551 701 772 847
554 704 139 214
554 704 716 791
559 885 377 527
562 712 1293 1368
563 638 606 756
563 713 1309 1384
564 714 528 603
567 642 200 350
576 651 47 197
580 1125 171 321
581 656 994 1144
582 657 895 1045
587 662 1285 1435
589 1217 991 1066
590 740 733 808
597 760 928 1003
602 677 366 516
602 752 793 868
604 679 259 409
607 757 994 1069
610 715 928 1003
612 687 1300 1450
615 690 25 175
616 691 850 1000
625 775 528 603
626 701 325 475
629 779 867 942
632 707 1046 1196
632 782 840 915
633 708 717 867
637 787 820 895
642 717 610 760
643 718 14 164
648 723 161 311
649 799 1121 1196
650 725 746 1025
650 725 875 896
651 801 850 925
652 802 967 1042
659 809 770 845
663 813 926 1001
664 739 842 992
668 818 1371 1446
671 746 275 425
672 871 886 1036
675 750 935 1085
676 751 699 849
678 828 171 246
679 754 1309 1459
680 830 1310 1385
682 757 816 966
683 758 1261 1411
684 759 1258 1408
692 767 1019 1169
693 843 366 1038
693 843 442 1114
694 844 1001 1014
694 844 1077 1090
695 770 830 980
697 847 132 207
707 857 42 117
709 859 66 141
712 862 1093 1168
714 864 208 283
724 799 1303 1453
725 1492 672 747
730 880 456 531
730 880 951 1026
732 882 1316 1391
739 814 204 354
740 1368 991 1066
747 897 406 481
748 866 928 1003
748 947 886 1036
749 824 821 971
750 900 1389 1464
751 826 1293 1443
752 902 782 857
758 908 1294 1369
759 834 1163 1313
765 915 49 124
766 841 344 494
767 917 656 731
771 846 835 985
780 930 1350 1425
782 857 33 183
783 933 1037 1112
784 934 478 553
795 945 1368 1443
795 1334 1315 1465
812 962 228 303
821 896 395 545
825 900 953 1103
833 983 678 753
838 988 193 268
842 917 306 456
845 995 315 390
848 998 691 766
852 927 813 963
857 1007 1366 1441
858 933 786 936
865 1015 989 1064
866 1016 33 93
866 1016 109 169
866 1016 879 954
871 1258 1315 1465
876 1341 672 747
877 952 151 301
880 955 140 290
887 962 1050 1200
887 1037 68 143
895 1045 359 434
895 1045 1104 1179
896 971 81 231
896 971 291 441
905 980 714 864
905 1055 280 355
906 981 281 431
907 1057 1149 1224
909 1059 957 1032
910 985 1052 1202
915 1065 120 195
917 992 1123 1273
919 1069 108 183
922 997 1281 1431
923 998 639 789
923 1073 1341 1416
932 1007 1331 1481
936 1086 1146 1221
941 1016 553 703
947 1097 63 138
951 1101 979 1054
953 1103 1014 1089
960 1035 210 360
962 1037 921 1071
967 1150 642 717
968 1118 1077 1152
986 994 810 960
993 1068 152 302
995 1070 1145 1295
997 1072 153 303
997 1081 1203 1278
1005 1155 393 468
1008 1158 641 716
1009 1084 1210 1360
1011 1086 456 606
1015 1165 599 674
1024 1099 428 578
1024 1174 1034 1109
1030 1180 711 786
1041 1191 498 774
1041 1191 574 850
1043 1118 22 172
1044 1119 327 477
1045 1120 170 320
1047 1122 1347 1497
1048 1123 1335 1485
1048 1198 349 424
1050 1200 1050 1125
1051 1126 703 853
1051 1201 1053 1128
1053 1128 587 1391
1053 1128 738 1240
1054 1204 1138 1213
1055 1104 701 776
1056 1131 764 914
1059 1209 255 330
1062 1070 810 960
1062 1137 719 869
1064 1139 879 1029
1065 1215 964 1039
1073 1223 741 816
1074 1224 1283 1358
1075 1401 247 397
1076 1151 538 688
1085 1235 1190 1265
1086 1236 348 423
1087 1162 156 306
1089 1239 678 753
1093 1243 267 342
1095 1245 630 705
1096 1171 135 285
1097 1172 1108 1258
1100 1250 475 550
1100 1250 1399 1474
1101 1176 633 1009
1101 1176 784 1160
1102 1177 620 885
1102 1177 771 1036
1104 1254 1141 1216
1105 1180 38 188
1107 1257 890 965
1109 1184 137 287
1111 1186 1231 1381
1112 1187 602 752
1118 1301 642 717
1122 1272 359 434
1128 1278 133 208
1131 1206 1005 1155
1132 1282 952 1027
1135 1210 1181 1331
1140 1215 409 559
1140 1215 1099 1249
1141 1216 983 1133
1145 1220 444 594
1148 1232 1203 1278
1151 1477 247 397
1154 1304 1324 1399
1157 1307 503 578
1157 1307 1208 1283
1158 1308 717 792
1159 1309 664 739
1160 1235 92 242
1160 1310 1070 1145
1161 1236 856 1006
1162 1237 553 703
1163 1313 683 758
1165 1315 1150 1225
1168 1243 1271 1421
1171 1321 1328 1403
1172 1322 1168 1243
1176 1326 754 829
1182 1332 306 381
1189 1339 354 429
1193 1268 319 469
1195 1270 731 881
1195 1345 380 455
1196 1271 1218 1368
1197 1272 512 662
1197 1347 1250 1325
1200 1350 363 999
1200 1350 439 923
1203 1353 1085 1160
1206 1255 701 776
1211 1286 1137 1287
1211 1361 152 227
1220 1295 864 1294
1220 1295 1015 1143
1223 1373 606 681
1227 1377 342 417
1228 1303 980 1130
1236 1311 578 728
1243 1393 302 377
1244 1394 1144 1219
1247 1322 1232 1382
1251 1401 52 127
1253 1403 1369 1444
1255 1263 1246 1396
1257 1332 1084 1234
1260 1335 767 917
1261 1411 1005 1080
1262 1337 730 1137
1262 1337 881 1288
1264 1414 1344 1419
1267 1342 682 832
1270 1345 1271 1421
1276 1351 224 374
1276 1351 627 777
1277 1352 738 888
1282 1357 1008 1158
1283 1433 374 449
1284 1434 1359 1434
1289 1364 1302 1452
1289 1439 1412 1487
1290 1440 921 996
1294 1369 751 901
1296 1446 303 378
1297 1372 1245 1395
1297 1447 858 933
1299 1449 1265 1340
1302 1452 794 869
1309 1384 399 549
1311 1386 845 995
1314 1389 872 1022
1320 1395 252 402
1324 1399 809 959
1324 1474 273 348
1325 1400 74 224
1328 1478 1185 1260
1330 1480 73 148
1331 1339 1246 1396
1334 1409 395 545
1334 1484 433 508
1345 1420 590 740
1346 1421 465 615
1347 1497 1134 1209
1351 1426 115 265
1362 1437 440 590
1377 1452 1085 1235
1381 1456 1097 1247
1393 1468 583 733
1397 1472 445 595
1409 1484 554 704
1421 1496 456 606
1421 1496 1118 1268