65 506
65 368
65 310
65 286
65 90
65 120
65 615
65 332
65 532
65 933
65 911
65 754
65 873
65 584
65 173
25 65
65 878
65 143
65 635
65 876
65 387
65 942
65 869
65 727
65 674
65 926
65 67
65 233
65 320
65 982
65 372
65 861
65 261
65 263
65 530
65 86
65 436
65 634
65 734
65 198
9 65
65 397
65 108
65 626
65 909
41 65
65 144
18 65
65 527
65 95
65 668
65 365
65 941
33 65
65 637
65 134
27 65
65 779
39 65
12 65
65 975
65 514
65 248
65 298
65 430
65 588
65 257
65 458
65 121
65 414
65 695
65 139
65 128
65 825
65 739
65 400
65 241
65 768
65 453
65 398
65 591
65 355
65 700
65 153
65 235
65 862
65 577
65 929
65 568
40 65
65 280
65 864
65 706
65 114
65 405
65 990
65 167
65 621
65 630
16 65
65 937
65 857
65 800
65 943
65 385
65 661
65 585
36 65
65 152
65 849
65 819
65 859
65 551
65 321
65 498
65 886
65 522
65 666
13 65
48 65
65 574
65 254
65 974
65 760
65 958
65 597
65 105
65 879
65 478
65 994
65 673
1 65
59 65
65 440
4 65
65 267
65 910
65 399
65 757
65 359
54 65
65 288
65 98
65 558
65 993
65 119
65 970
65 441
65 677
44 65
65 87
65 589
65 762
65 539
65 848
65 747
65 870
23 65
65 428
65 290
65 345
65 688
65 118
65 808
65 795
65 169
65 689
30 65
65 722
65 972
57 65
65 239
65 901
65 225
65 223
65 535
65 854
65 276
65 488
65 936
65 724
65 219
65 685
65 409
65 960
65 791
19 65
60 65
65 255
65 92
65 412
65 434
65 505
65 69
65 81
65 335
28 65
65 130
65 438
65 605
24 65
65 831
65 432
65 284
65 93
65 710
65 351
26 65
65 719
65 957
65 940
65 730
55 65
43 65
65 609
65 763
2 65
65 147
65 148
65 79
65 559
65 296
65 652
65 536
65 766
65 712
65 907
65 279
65 304
65 100
65 146
65 755
65 513
65 166
65 125
65 612
65 179
65 337
65 99
65 84
65 334
65 194
8 65
65 598
17 65
65 836
65 196
65 163
51 65
65 115
65 275
65 348
65 271
65 693
65 992
65 479
65 501
65 333
65 106
12 58
65 80
65 260
65 104
65 592
65 694
65 981
65 665
65 71
65 749
65 976
61 65
65 199
65 137
65 921
65 820
65 422
65 920
65 116
5 65
65 472
47 65
65 538
65 292
65 788
65 939
65 124
65 516
65 639
32 65
63 65
65 934
65 529
65 251
65 461
65 448
65 603
65 738
65 411
15 65
65 613