1636
1 1549 1 411
3 1994 39 375
6 2000 522 2000
7 2000 975 2000
8 2000 1202 2000
14 2000 565 2000
14 2000 1947 2000
19 2000 794 2000
21 2000 408 2000
25 2000 1661 2000
27 2000 20 2000
28 2000 557 2000
28 2000 740 2000
29 2000 1924 2000
32 1994 465 1809
38 2000 521 2000
41 1994 211 1437
41 2000 1999 2000
50 2000 239 2000
50 2000 553 2000
50 2000 1608 2000
52 1994 549 1724
53 2000 1614 2000
55 2000 808 2000
56 2000 1584 2000
60 1983 1308 1845
63 2000 964 2000
65 2000 736 2000
65 2000 1763 2000
67 2000 1125 2000
71 2000 350 2000
72 2000 1637 2000
73 2000 975 2000
75 1383 1941 1998
75 1983 973 1644
78 2000 29 2000
80 2000 1713 2000
84 2000 1801 2000
85 2000 153 2000
91 2000 1029 2000
91 2000 1999 2000
93 2000 1523 2000
94 2000 1210 2000
96 2000 938 2000
97 1994 650 1802
100 2000 1012 2000
100 2000 1680 2000
103 2000 1042 2000
105 2000 1445 2000
105 2000 1690 2000
106 2000 123 2000
108 2000 1298 2000
108 2000 1511 2000
109 2000 1205 2000
109 2000 1825 2000
110 2000 1721 2000
111 2000 796 2000
112 2000 1472 2000
114 2000 1949 2000
119 2000 404 2000
120 2000 823 2000
122 2000 1837 2000
126 1994 1309 1388
132 2000 874 2000
135 2000 1076 2000
136 2000 1667 2000
136 2000 1999 2000
140 2000 529 2000
140 2000 1999 2000
141 2000 749 2000
141 2000 1941 2000
151 2000 1341 2000
158 2000 1329 2000
164 2000 965 2000
167 2000 647 2000
167 2000 1941 2000
171 2000 532 2000
172 2000 768 2000
172 2000 1238 2000
173 1994 1339 1341
173 2000 567 2000
174 2000 1044 2000
174 2000 1999 2000
175 2000 1948 2000
177 2000 189 2000
178 2000 1076 2000
180 2000 1169 2000
180 2000 1229 2000
180 2000 1999 2000
182 2000 1535 2000
184 2000 1101 2000
185 2000 1732 2000
186 2000 125 2000
187 1994 393 1477
187 2000 1831 2000
188 2000 1973 2000
188 2000 1999 2000
190 2000 1017 2000
191 1549 411 856
191 2000 1388 2000
194 2000 1292 2000
195 1994 708 1376
197 2000 1067 2000
197 2000 1941 2000
197 2000 1945 2000
198 2000 1865 2000
199 2000 21 2000
200 2000 1288 2000
203 2000 1527 2000
203 2000 1628 2000
203 2000 1941 2000
205 2000 119 2000
205 2000 803 2000
205 2000 1072 2000
206 2000 228 2000
210 2000 153 2000
213 2000 1213 2000
214 2000 1126 2000
215 2000 897 2000
216 2000 1241 2000
217 2000 1554 2000
217 2000 1999 2000
224 2000 236 2000
228 2000 987 2000
230 2000 1302 2000
230 2000 1999 2000
237 2000 6 2000
240 2000 1201 2000
240 2000 1793 2000
242 2000 344 2000
242 2000 1941 2000
246 2000 141 2000
247 2000 518 2000
249 2000 543 2000
249 2000 1505 2000
249 2000 1999 2000
250 816 133 1998
250 2000 1805 2000
252 2000 779 2000
253 2000 1998 2000
254 2000 1494 2000
255 2000 550 2000
256 2000 1347 2000
258 1419 1941 1998
258 2000 627 2000
258 2000 864 2000
259 2000 35 2000
259 2000 1999 2000
261 2000 1674 2000
262 2000 1133 2000
262 2000 1999 2000
263 2000 1928 2000
264 2000 654 2000
266 2000 703 2000
266 2000 1999 2000
278 1994 1328 1696
281 2000 213 2000
287 2000 1500 2000
288 2000 691 2000
289 2000 452 2000
291 1983 931 940
291 2000 1999 2000
292 2000 1304 2000
292 2000 1941 2000
293 2000 1601 2000
295 2000 196 2000
298 2000 197 2000
300 2000 571 2000
300 2000 1999 2000
302 2000 1638 2000
304 2000 1407 2000
305 2000 61 2000
307 2000 1108 2000
307 2000 1999 2000
308 2000 658 2000
309 2000 426 2000
309 2000 1129 2000
309 2000 1999 2000
311 2000 1605 2000
315 2000 1368 2000
316 2000 249 2000
317 2000 1132 2000
317 2000 1999 2000
320 2000 95 2000
321 2000 1470 2000
322 2000 501 2000
325 2000 518 2000
325 2000 1685 2000
327 2000 998 2000
327 2000 1420 2000
330 2000 439 2000
331 2000 546 2000
332 2000 1801 2000
333 2000 234 2000
333 2000 1999 2000
334 2000 109 2000
336 2000 1262 2000
338 2000 719 2000
339 2000 1412 2000
340 2000 804 2000
341 2000 660 2000
344 2000 594 2000
345 2000 914 2000
347 2000 28 2000
349 2000 1085 2000
350 2000 1122 2000
351 2000 1343 2000
353 2000 1482 2000
356 2000 343 2000
358 1983 10 1652
358 2000 864 2000
361 2000 1613 2000
361 2000 1999 2000
362 2000 1285 2000
362 2000 1999 2000
364 2000 69 2000
364 2000 869 2000
373 2000 17 2000
373 2000 651 2000
378 2000 364 2000
378 2000 1049 2000
381 2000 1289 2000
381 2000 1448 2000
382 2000 1604 2000
383 2000 1214 2000
384 2000 400 2000
386 1983 970 1312
386 2000 1230 2000
386 2000 1999 2000
389 2000 502 2000
389 2000 1999 2000
390 2000 208 2000
391 2000 610 2000
392 1994 1722 1813
393 2000 1091 2000
394 2000 388 2000
395 2000 930 2000
397 2000 475 2000
399 1983 1079 1790
400 2000 1207 2000
403 2000 1019 2000
406 2000 1990 2000
409 2000 242 2000
409 2000 1602 2000
411 1994 1634 1795
413 2000 1550 2000
415 1994 330 1118
418 2000 656 2000
420 2000 1789 2000
421 2000 333 2000
424 2000 250 2000
428 2000 56 2000
432 1994 624 749
433 2000 1129 2000
435 2000 310 2000
435 2000 1999 2000
440 1053 762 1998
445 2000 1706 2000
446 2000 1086 2000
447 2000 152 2000
448 2000 470 2000
448 2000 1143 2000
448 2000 1999 2000
449 2000 1875 2000
454 2000 511 2000
456 1983 623 1828
456 2000 1999 2000
458 1983 1304 1492
458 2000 800 2000
459 2000 1014 2000
459 2000 1227 2000
459 2000 1868 2000
460 2000 1310 2000
461 2000 1991 2000
461 2000 1999 2000
462 2000 1640 2000
463 2000 871 2000
466 2000 737 2000
466 2000 1415 2000
467 2000 751 2000
467 2000 1999 2000
469 2000 612 2000
469 2000 648 2000
471 1549 78 1237
473 2000 497 2000
473 2000 1999 2000
474 2000 611 2000
474 2000 1999 2000
477 2000 885 2000
477 2000 1999 2000
478 2000 860 2000
478 2000 985 2000
479 2000 1963 2000
481 2000 347 2000
481 2000 1572 2000
486 2000 1632 2000
487 2000 302 2000
487 2000 1999 2000
488 2000 967 2000
488 2000 1941 2000
492 2000 1392 2000
494 2000 132 2000
495 818 1033 1998
495 1994 49 1087
497 2000 474 2000
499 2000 1524 2000
504 2000 1497 2000
504 2000 1941 2000
507 2000 1456 2000
508 2000 1098 2000
510 2000 1081 2000
511 2000 1105 2000
512 2000 1018 2000
514 2000 372 2000
515 2000 851 2000
516 2000 1924 2000
516 2000 1999 2000
517 2000 1158 2000
518 2000 363 2000
522 2000 908 2000
526 2000 1574 2000
527 2000 1374 2000
527 2000 1999 2000
537 2000 1125 2000
539 2000 94 2000
542 2000 841 2000
542 2000 1866 2000
545 1983 1752 1897
545 2000 1535 2000
546 2000 396 2000
549 2000 1822 2000
549 2000 1941 2000
550 2000 155 2000
550 2000 1999 2000
554 2000 1372 2000
554 2000 1999 2000
561 1983 1011 1348
562 2000 1959 2000
567 1983 910 1783
567 2000 1999 2000
569 2000 1104 2000
571 1983 1067 1237
571 2000 1040 2000
572 2000 864 2000
572 2000 1253 2000
574 2000 114 2000
575 2000 85 2000
577 2000 632 2000
579 2000 1378 2000
582 2000 1733 2000
584 2000 911 2000
584 2000 1999 2000
588 2000 29 2000
588 2000 1999 2000
589 2000 1384 2000
593 2000 1637 2000
598 2000 948 2000
598 2000 1999 2000
603 1994 34 978
606 2000 749 2000
607 2000 268 2000
607 2000 1999 2000
608 1983 876 1210
608 2000 1999 2000
610 2000 1571 2000
612 2000 22 2000
612 2000 364 2000
612 2000 1568 2000
612 2000 1999 2000
615 2000 938 2000
620 2000 1736 2000
622 2000 427 2000
622 2000 1999 2000
623 2000 1647 2000
624 636 847 1998
624 2000 1795 2000
625 2000 679 2000
625 2000 1999 2000
631 2000 1444 2000
631 2000 1999 2000
633 2000 1355 2000
635 2000 144 2000
636 2000 288 2000
637 2000 292 2000
641 2000 975 2000
641 2000 1999 2000
653 1994 1074 1891
653 2000 1678 2000
656 2000 352 2000
657 2000 1194 2000
661 2000 158 2000
666 2000 313 2000
668 2000 269 2000
668 2000 1719 2000
670 2000 69 2000
672 2000 133 2000
673 2000 1519 2000
676 2000 401 2000
682 2000 1511 2000
690 2000 1162 2000
690 2000 1485 2000
694 2000 873 2000
695 2000 564 2000
695 2000 1941 2000
696 2000 1825 2000
697 2000 761 2000
705 2000 280 2000
706 2000 965 2000
706 2000 1576 2000
707 2000 1139 2000
707 2000 1549 2000
708 2000 1983 2000
709 2000 565 2000
709 2000 975 2000
710 1983 407 1650
711 2000 791 2000
715 2000 162 2000
716 2000 1631 2000
724 2000 1196 2000
726 2000 1164 2000
729 2000 295 2000
732 2000 1184 2000
732 2000 1941 2000
734 2000 285 2000
736 2000 1262 2000
740 2000 612 2000
740 2000 1999 2000
747 2000 1888 2000
748 2000 65 2000
748 2000 1238 2000
749 2000 70 2000
750 1994 1621 1822
750 2000 1833 2000
750 2000 1999 2000
752 1994 1463 1774
753 2000 154 2000
755 1983 940 1935
755 2000 551 2000
755 2000 1999 2000
756 2000 922 2000
759 2000 1953 2000
760 2000 1195 2000
761 2000 1221 2000
763 2000 496 2000
766 2000 919 2000
766 2000 1999 2000
774 2000 329 2000
776 2000 604 2000
777 2000 256 2000
778 2000 1789 2000
780 2000 429 2000
783 2000 635 2000
785 2000 301 2000
786 2000 240 2000
790 1994 128 419
790 2000 833 2000
790 2000 1941 2000
791 2000 50 2000
791 2000 247 2000
793 2000 769 2000
794 2000 456 2000
799 2000 1340 2000
801 2000 1799 2000
804 2000 731 2000
809 2000 1911 2000
813 2000 755 2000
813 2000 1860 2000
818 2000 430 2000
819 2000 164 2000
820 2000 15 2000
822 2000 1707 2000
823 2000 1244 2000
825 2000 274 2000
828 2000 1346 2000
828 2000 1999 2000
829 2000 1949 2000
831 2000 40 2000
831 2000 286 2000
831 2000 1999 2000
833 2000 317 2000
835 2000 522 2000
837 2000 301 2000
837 2000 816 2000
840 2000 570 2000
841 2000 1177 2000
846 2000 310 2000
846 2000 1386 2000
849 2000 107 2000
852 2000 302 2000
853 2000 221 2000
854 1646 306 1998
856 2000 379 2000
856 2000 1191 2000
857 1994 193 1954
858 2000 252 2000
862 2000 856 2000
862 2000 1238 2000
862 2000 1612 2000
867 2000 1344 2000
874 2000 139 2000
877 2000 1713 2000
878 2000 1229 2000
880 2000 1691 2000
882 2000 1311 2000
882 2000 1999 2000
883 2000 346 2000
886 2000 1632 2000
886 2000 1999 2000
888 2000 291 2000
904 2000 929 2000
906 2000 1609 2000
908 2000 1628 2000
910 2000 1360 2000
913 2000 1517 2000
915 2000 1138 2000
916 2000 405 2000
917 2000 1484 2000
919 2000 1548 2000
920 1994 220 803
923 2000 15 2000
924 2000 1052 2000
929 1994 1350 1688
932 2000 432 2000
932 2000 477 2000
932 2000 1999 2000
933 2000 133 2000
934 2000 461 2000
934 2000 1312 2000
935 2000 297 2000
935 2000 1708 2000
935 2000 1856 2000
937 2000 877 2000
938 2000 300 2000
939 2000 1601 2000
941 2000 358 2000
946 2000 579 2000
948 2000 268 2000
954 2000 758 2000
955 2000 1281 2000
957 2000 336 2000
957 2000 1205 2000
957 2000 1999 2000
960 2000 1763 2000
961 2000 1275 2000
963 2000 252 2000
963 2000 1452 2000
964 2000 1532 2000
967 2000 860 2000
973 2000 458 2000
976 2000 676 2000
978 2000 441 2000
982 2000 483 2000
985 2000 1359 2000
985 2000 1699 2000
986 2000 632 2000
1002 2000 1326 2000
1002 2000 1999 2000
1003 2000 284 2000
1006 2000 1521 2000
1007 2000 347 2000
1007 2000 1723 2000
1008 2000 986 2000
1010 2000 154 2000
1010 2000 973 2000
1011 2000 144 2000
1012 2000 1193 2000
1014 2000 1082 2000
1014 2000 1999 2000
1015 2000 989 2000
1015 2000 1999 2000
1019 2000 1267 2000
1022 2000 1134 2000
1025 2000 754 2000
1027 2000 676 2000
1028 2000 299 2000
1030 2000 704 2000
1036 1983 693 1087
1036 2000 1999 2000
1039 2000 1658 2000
1043 2000 437 2000
1050 1994 1222 1734
1050 2000 11 2000
1050 2000 1202 2000
1050 2000 1311 2000
1050 2000 1941 2000
1052 2000 583 2000
1053 2000 1890 2000
1053 2000 1999 2000
1054 2000 955 2000
1056 2000 274 2000
1056 2000 1999 2000
1057 2000 175 2000
1057 2000 1999 2000
1058 2000 539 2000
1059 2000 373 2000
1060 2000 615 2000
1061 2000 768 2000
1063 2000 1204 2000
1064 2000 1225 2000
1064 2000 1969 2000
1064 2000 1999 2000
1065 2000 930 2000
1067 2000 1552 2000
1071 2000 101 2000
1071 2000 1999 2000
1073 1994 97 757
1074 2000 1899 2000
1075 2000 1629 2000
1075 2000 1999 2000
1076 2000 573 2000
1077 2000 522 2000
1079 2000 978 2000
1080 2000 1622 2000
1085 2000 1511 2000
1085 2000 1999 2000
1087 2000 145 2000
1088 2000 1650 2000
1089 1994 161 1966
1089 2000 709 2000
1089 2000 1999 2000
1093 1983 1848 1901
1096 2000 786 2000
1097 2000 653 2000
1097 2000 1021 2000
1097 2000 1999 2000
1102 1994 209 1897
1102 2000 1941 2000
1105 2000 1504 2000
1106 2000 659 2000
1106 2000 1380 2000
1109 2000 365 2000
1118 2000 1856 2000
1119 2000 427 2000
1119 2000 462 2000
1121 2000 1551 2000
1123 2000 458 2000
1129 2000 1743 2000
1131 1983 448 1996
1134 2000 53 2000
1137 2000 440 2000
1139 2000 784 2000
1145 2000 1611 2000
1145 2000 1681 2000
1145 2000 1999 2000
1148 2000 1844 2000
1149 2000 438 2000
1151 2000 976 2000
1157 2000 1293 2000
1159 2000 502 2000
1161 1983 483 655
1163 2000 1181 2000
1164 2000 52 2000
1165 2000 1410 2000
1166 2000 775 2000
1166 2000 1999 2000
1173 2000 943 2000
1174 2000 660 2000
1175 1994 1237 1705
1179 2000 638 2000
1183 2000 1329 2000
1186 2000 885 2000
1186 2000 939 2000
1189 2000 203 2000
1190 2000 1405 2000
1190 2000 1999 2000
1192 1454 1889 1998
1195 2000 704 2000
1195 2000 1919 2000
1196 1983 413 1913
1197 1983 53 80
1197 2000 372 2000
1202 2000 208 2000
1202 2000 513 2000
1202 2000 1999 2000
1207 2000 1398 2000
1211 2000 1427 2000
1214 1740 1269 1998
1215 2000 1200 2000
1217 2000 1108 2000
1217 2000 1256 2000
1219 2000 1324 2000
1219 2000 1999 2000
1220 2000 679 2000
1221 2000 1415 2000
1222 2000 795 2000
1222 2000 1999 2000
1225 2000 1854 2000
1229 2000 1066 2000
1230 2000 1938 2000
1232 2000 939 2000
1237 2000 451 2000
1237 2000 1967 2000
1238 2000 540 2000
1242 2000 1275 2000
1242 2000 1999 2000
1246 2000 508 2000
1246 2000 1594 2000
1246 2000 1999 2000
1263 2000 1804 2000
1264 2000 657 2000
1272 2000 1798 2000
1275 2000 867 2000
1279 2000 1344 2000
1284 2000 968 2000
1284 2000 1999 2000
1285 2000 750 2000
1290 2000 1964 2000
1291 2000 373 2000
1291 2000 966 2000
1291 2000 1999 2000
1294 2000 274 2000
1294 2000 291 2000
1295 2000 53 2000
1295 2000 709 2000
1297 2000 689 2000
1297 2000 1999 2000
1298 2000 1904 2000
1302 2000 429 2000
1303 1994 568 1852
1303 2000 1046 2000
1305 2000 1592 2000
1305 2000 1999 2000
1307 2000 42 2000
1307 2000 1999 2000
1310 2000 1204 2000
1311 2000 1203 2000
1312 2000 304 2000
1317 2000 1515 2000
1317 2000 1941 2000
1324 2000 523 2000
1324 2000 1999 2000
1326 2000 1424 2000
1330 2000 400 2000
1335 2000 382 2000
1335 2000 1999 2000
1336 2000 567 2000
1336 2000 1845 2000
1336 2000 1999 2000
1343 2000 1759 2000
1344 2000 594 2000
1344 2000 962 2000
1344 2000 1999 2000
1348 1983 664 794
1348 2000 117 2000
1359 2000 1958 2000
1361 2000 1182 2000
1361 2000 1999 2000
1367 2000 718 2000
1367 2000 1392 2000
1370 2000 1114 2000
1374 2000 73 2000
1374 2000 1999 2000
1376 2000 325 2000
1380 2000 1199 2000
1382 2000 702 2000
1384 1994 830 1874
1384 2000 1497 2000
1385 2000 1801 2000
1386 2000 731 2000
1392 2000 1008 2000
1395 2000 1683 2000
1395 2000 1941 2000
1396 2000 737 2000
1398 2000 896 2000
1399 2000 566 2000
1400 2000 903 2000
1402 2000 303 2000
1406 2000 582 2000
1407 1983 1111 1833
1408 2000 685 2000
1410 2000 25 2000
1418 2000 1717 2000
1420 2000 118 2000
1420 2000 125 2000
1421 2000 71 2000
1423 2000 1117 2000
1437 2000 927 2000
1437 2000 1118 2000
1438 2000 1237 2000
1438 2000 1941 2000
1441 2000 117 2000
1441 2000 806 2000
1442 2000 1609 2000
1443 1505 1941 1998
1443 1983 1260 1355
1444 2000 1153 2000
1452 2000 91 2000
1452 2000 1753 2000
1454 2000 628 2000
1461 2000 43 2000
1466 2000 1215 2000
1468 2000 472 2000
1469 2000 699 2000
1469 2000 1999 2000
1470 2000 240 2000
1471 2000 687 2000
1471 2000 1430 2000
1473 2000 251 2000
1475 2000 1692 2000
1475 2000 1941 2000
1477 2000 269 2000
1480 2000 1593 2000
1481 2000 1298 2000
1482 2000 1263 2000
1488 2000 1609 2000
1489 2000 1102 2000
1493 2000 1397 2000
1496 2000 114 2000
1496 2000 1148 2000
1496 2000 1879 2000
1499 2000 1539 2000
1500 1994 937 991
1502 2000 1395 2000
1502 2000 1999 2000
1503 2000 461 2000
1503 2000 697 2000
1504 2000 891 2000
1506 1994 1067 1699
1506 2000 1646 2000
1516 2000 1855 2000
1519 2000 515 2000
1519 2000 912 2000
1528 2000 75 2000
1528 2000 602 2000
1528 2000 1999 2000
1529 2000 838 2000
1531 2000 793 2000
1531 2000 1999 2000
1533 2000 249 2000
1535 2000 831 2000
1539 2000 212 2000
1543 2000 659 2000
1543 2000 764 2000
1544 2000 622 2000
1545 2000 188 2000
1546 2000 280 2000
1546 2000 918 2000
1546 2000 1726 2000
1547 2000 1380 2000
1548 2000 1083 2000
1549 2000 1020 2000
1549 2000 1238 2000
1550 2000 768 2000
1550 2000 856 2000
1550 2000 910 2000
1553 2000 1268 2000
1554 2000 139 2000
1558 2000 721 2000
1559 2000 1654 2000
1560 2000 1081 2000
1563 2000 1730 2000
1567 2000 995 2000
1567 2000 1486 2000
1567 2000 1941 2000
1569 2000 94 2000
1571 2000 778 2000
1573 2000 1800 2000
1576 2000 1310 2000
1577 2000 1417 2000
1577 2000 1941 2000
1578 2000 1435 2000
1583 2000 105 2000
1583 2000 398 2000
1583 2000 1941 2000
1584 2000 823 2000
1584 2000 1999 2000
1585 2000 1086 2000
1589 2000 1619 2000
1591 2000 1780 2000
1593 1994 389 456
1594 2000 556 2000
1594 2000 894 2000
1594 2000 1999 2000
1595 2000 404 2000
1595 2000 1999 2000
1596 2000 519 2000
1597 2000 337 2000
1603 2000 1791 2000
1606 1994 941 1489
1606 2000 452 2000
1606 2000 1941 2000
1607 2000 1154 2000
1608 2000 1360 2000
1610 1983 307 390
1610 2000 1941 2000
1611 2000 1008 2000
1613 2000 304 2000
1613 2000 864 2000
1614 2000 707 2000
1621 2000 1946 2000
1625 2000 1132 2000
1626 2000 1805 2000
1627 2000 407 2000
1629 2000 230 2000
1629 2000 677 2000
1635 2000 894 2000
1638 2000 530 2000
1638 2000 543 2000
1640 2000 1045 2000
1640 2000 1999 2000
1641 2000 1927 2000
1642 2000 70 2000
1643 2000 1140 2000
1644 2000 437 2000
1648 2000 63 2000
1648 2000 1997 2000
1650 1994 100 836
1650 2000 89 2000
1651 1994 564 1314
1655 2000 63 2000
1659 2000 301 2000
1659 2000 1999 2000
1665 2000 740 2000
1665 2000 933 2000
1667 2000 1780 2000
1676 2000 1761 2000
1681 2000 414 2000
1681 2000 1999 2000
1683 2000 93 2000
1684 1994 1382 1768
1684 2000 758 2000
1688 2000 255 2000
1692 2000 980 2000
1693 2000 434 2000
1695 2000 970 2000
1696 1983 333 1964
1697 1983 454 898
1698 2000 1453 2000
1699 2000 1438 2000
1704 2000 1331 2000
1705 1994 103 1491
1711 2000 1062 2000
1712 2000 450 2000
1712 2000 710 2000
1714 2000 806 2000
1724 2000 1274 2000
1726 2000 547 2000
1727 2000 67 2000
1730 2000 1173 2000
1732 2000 318 2000
1732 2000 882 2000
1732 2000 1999 2000
1734 2000 977 2000
1738 2000 1632 2000
1740 2000 164 2000
1741 2000 1940 2000
1742 2000 609 2000
1747 2000 465 2000
1749 2000 522 2000
1751 1994 353 742
1752 2000 1232 2000
1753 1777 728 1237
1754 2000 1020 2000
1754 2000 1040 2000
1754 2000 1052 2000
1756 2000 1109 2000
1756 2000 1530 2000
1756 2000 1999 2000
1757 2000 296 2000
1757 2000 1146 2000
1766 2000 1109 2000
1766 2000 1352 2000
1770 2000 171 2000
1771 2000 1783 2000
1772 2000 1320 2000
1773 2000 948 2000
1773 2000 1941 2000
1774 2000 480 2000
1775 2000 1237 2000
1776 2000 166 2000
1777 2000 28 2000
1777 2000 1941 2000
1778 2000 995 2000
1778 2000 1237 2000
1778 2000 1417 2000
1778 2000 1692 2000
1781 2000 519 2000
1783 2000 1337 2000
1787 2000 483 2000
1789 1983 1812 1907
1789 2000 1999 2000
1794 2000 451 2000
1794 2000 767 2000
1796 2000 9 2000
1797 2000 1592 2000
1798 2000 239 2000
1798 2000 1999 2000
1801 2000 11 2000
1802 2000 418 2000
1803 1994 688 1648
1807 2000 1755 2000
1808 2000 651 2000
1808 2000 1324 2000
1808 2000 1941 2000
1809 2000 1791 2000
1810 2000 697 2000
1810 2000 881 2000
1810 2000 1999 2000
1811 2000 1546 2000
1812 2000 662 2000
1819 2000 31 2000
1819 2000 1999 2000
1820 2000 379 2000
1820 2000 1999 2000
1823 2000 142 2000
1824 2000 835 2000
1824 2000 1409 2000
1824 2000 1999 2000
1831 2000 553 2000
1831 2000 1852 2000
1832 2000 127 2000
1838 2000 1159 2000
1839 2000 628 2000
1839 2000 1621 2000
1839 2000 1941 2000
1839 2000 1999 2000
1840 2000 1686 2000
1840 2000 1999 2000
1843 2000 1463 2000
1844 2000 1181 2000
1844 2000 1280 2000
1845 2000 1388 2000
1845 2000 1845 2000
1847 2000 999 2000
1847 2000 1162 2000
1847 2000 1941 2000
1848 1994 1202 1627
1848 2000 28 2000
1848 2000 398 2000
1848 2000 564 2000
1848 2000 749 2000
1848 2000 803 2000
1848 2000 833 2000
1848 2000 1067 2000
1848 2000 1177 2000
1848 2000 1184 2000
1858 2000 1125 2000
1862 1994 66 1563
1867 2000 1534 2000
1867 2000 1999 2000
1871 2000 1895 2000
1871 2000 1999 2000
1875 2000 1495 2000
1875 2000 1564 2000
1877 2000 964 2000
1879 2000 547 2000
1880 1983 490 1776
1887 2000 250 2000
1890 2000 237 2000
1890 2000 755 2000
1890 2000 1877 2000
1892 2000 1987 2000
1892 2000 1999 2000
1895 2000 1001 2000
1906 1983 47 789
1906 2000 1999 2000
1917 2000 1521 2000
1920 2000 494 2000
1920 2000 1999 2000
1922 2000 1399 2000
1924 2000 1773 2000
1934 2000 1105 2000
1935 2000 1564 2000
1936 2000 960 2000
1938 2000 870 2000
1944 2000 28 2000
1945 2000 244 2000
1948 2000 1700 2000
1950 2000 1227 2000
1952 2000 722 2000
1956 1994 435 1040
1958 2000 275 2000
1960 2000 135 2000
1961 1994 456 823
1961 2000 1883 2000
1964 2000 1147 2000
1970 2000 1431 2000
1975 1994 783 842
1976 2000 1964 2000
1978 2000 1820 2000
1983 2000 1301 2000
1984 1994 11 399
1984 1994 29 116
1984 1994 69 143
1984 1994 94 1032
1984 1994 133 593
1984 1994 139 658
1984 1994 153 309
1984 1994 164 650
1984 1994 240 372
1984 1994 249 301
1984 1994 250 428
1984 1994 268 761
1984 1994 347 1779
1984 1994 437 822
1984 1994 458 964
1984 1994 502 546
1984 1994 628 859
1984 1994 660 937
1984 1994 676 1051
1984 1994 679 736
1984 1994 731 929
1984 1994 864 1923
1984 1994 894 1844
1984 1994 1008 1128
1984 1994 1076 1824
1984 1994 1105 1359
1984 1994 1108 1762
1984 1994 1177 1297
1984 1994 1275 1520
1984 1994 1344 1963
1984 1994 1380 1712
1984 2000 9 2000
1984 2000 22 2000
1984 2000 31 2000
1984 2000 35 2000
1984 2000 40 2000
1984 2000 42 2000
1984 2000 61 2000
1984 2000 65 2000
1984 2000 73 2000
1984 2000 101 2000
1984 2000 105 2000
1984 2000 118 2000
1984 2000 155 2000
1984 2000 175 2000
1984 2000 197 2000
1984 2000 228 2000
1984 2000 234 2000
1984 2000 242 2000
1984 2000 244 2000
1984 2000 247 2000
1984 2000 256 2000
1984 2000 284 2000
1984 2000 285 2000
1984 2000 297 2000
1984 2000 301 2000
1984 2000 313 2000
1984 2000 329 2000
1984 2000 336 2000
1984 2000 344 2000
1984 2000 352 2000
1984 2000 382 2000
1984 2000 388 2000
1984 2000 396 2000
1984 2000 414 2000
1984 2000 426 2000
1984 2000 430 2000
1984 2000 432 2000
1984 2000 434 2000
1984 2000 439 2000
1984 2000 456 2000
1984 2000 465 2000
1984 2000 470 2000
1984 2000 472 2000
1984 2000 475 2000
1984 2000 480 2000
1984 2000 494 2000
1984 2000 497 2000
1984 2000 513 2000
1984 2000 521 2000
1984 2000 523 2000
1984 2000 529 2000
1984 2000 530 2000
1984 2000 540 2000
1984 2000 546 2000
1984 2000 550 2000
1984 2000 551 2000
1984 2000 556 2000
1984 2000 557 2000
1984 2000 571 2000
1984 2000 602 2000
1984 2000 609 2000
1984 2000 611 2000
1984 2000 627 2000
1984 2000 638 2000
1984 2000 647 2000
1984 2000 648 2000
1984 2000 653 2000
1984 2000 654 2000
1984 2000 657 2000
1984 2000 677 2000
1984 2000 687 2000
1984 2000 689 2000
1984 2000 699 2000
1984 2000 703 2000
1984 2000 710 2000
1984 2000 718 2000
1984 2000 719 2000
1984 2000 721 2000
1984 2000 722 2000
1984 2000 750 2000
1984 2000 751 2000
1984 2000 768 2000
1984 2000 775 2000
1984 2000 778 2000
1984 2000 779 2000
1984 2000 784 2000
1984 2000 793 2000
1984 2000 794 2000
1984 2000 804 2000
1984 2000 808 2000
1984 2000 831 2000
1984 2000 835 2000
1984 2000 838 2000
1984 2000 841 2000
1984 2000 867 2000
1984 2000 871 2000
1984 2000 873 2000
1984 2000 881 2000
1984 2000 882 2000
1984 2000 911 2000
1984 2000 912 2000
1984 2000 919 2000
1984 2000 922 2000
1984 2000 927 2000
1984 2000 955 2000
1984 2000 960 2000
1984 2000 966 2000
1984 2000 967 2000
1984 2000 968 2000
1984 2000 977 2000
1984 2000 989 2000
1984 2000 1001 2000
1984 2000 1029 2000
1984 2000 1044 2000
1984 2000 1045 2000
1984 2000 1046 2000
1984 2000 1066 2000
1984 2000 1072 2000
1984 2000 1082 2000
1984 2000 1085 2000
1984 2000 1101 2000
1984 2000 1114 2000
1984 2000 1122 2000
1984 2000 1125 2000
1984 2000 1133 2000
1984 2000 1138 2000
1984 2000 1146 2000
1984 2000 1148 2000
1984 2000 1154 2000
1984 2000 1158 2000
1984 2000 1169 2000
1984 2000 1182 2000
1984 2000 1191 2000
1984 2000 1193 2000
1984 2000 1194 2000
1984 2000 1196 2000
1984 2000 1203 2000
1984 2000 1207 2000
1984 2000 1215 2000
1984 2000 1225 2000
1984 2000 1230 2000
1984 2000 1232 2000
1984 2000 1237 2000
1984 2000 1274 2000
1984 2000 1280 2000
1984 2000 1285 2000
1984 2000 1288 2000
1984 2000 1289 2000
1984 2000 1302 2000
1984 2000 1326 2000
1984 2000 1346 2000
1984 2000 1355 2000
1984 2000 1359 2000
1984 2000 1368 2000
1984 2000 1372 2000
1984 2000 1374 2000
1984 2000 1378 2000
1984 2000 1384 2000
1984 2000 1386 2000
1984 2000 1395 2000
1984 2000 1397 2000
1984 2000 1398 2000
1984 2000 1399 2000
1984 2000 1405 2000
1984 2000 1412 2000
1984 2000 1420 2000
1984 2000 1431 2000
1984 2000 1438 2000
1984 2000 1444 2000
1984 2000 1452 2000
1984 2000 1463 2000
1984 2000 1470 2000
1984 2000 1472 2000
1984 2000 1482 2000
1984 2000 1485 2000
1984 2000 1494 2000
1984 2000 1495 2000
1984 2000 1500 2000
1984 2000 1505 2000
1984 2000 1511 2000
1984 2000 1515 2000
1984 2000 1527 2000
1984 2000 1530 2000
1984 2000 1534 2000
1984 2000 1539 2000
1984 2000 1549 2000
1984 2000 1552 2000
1984 2000 1554 2000
1984 2000 1572 2000
1984 2000 1593 2000
1984 2000 1594 2000
1984 2000 1605 2000
1984 2000 1609 2000
1984 2000 1613 2000
1984 2000 1614 2000
1984 2000 1619 2000
1984 2000 1621 2000
1984 2000 1629 2000
1984 2000 1631 2000
1984 2000 1640 2000
1984 2000 1646 2000
1984 2000 1650 2000
1984 2000 1667 2000
1984 2000 1678 2000
1984 2000 1680 2000
1984 2000 1681 2000
1984 2000 1683 2000
1984 2000 1686 2000
1984 2000 1690 2000
1984 2000 1691 2000
1984 2000 1700 2000
1984 2000 1706 2000
1984 2000 1707 2000
1984 2000 1726 2000
1984 2000 1730 2000
1984 2000 1753 2000
1984 2000 1793 2000
1984 2000 1795 2000
1984 2000 1799 2000
1984 2000 1800 2000
1984 2000 1820 2000
1984 2000 1822 2000
1984 2000 1833 2000
1984 2000 1855 2000
1984 2000 1865 2000
1984 2000 1868 2000
1984 2000 1875 2000
1984 2000 1877 2000
1984 2000 1883 2000
1984 2000 1890 2000
1984 2000 1895 2000
1984 2000 1904 2000
1984 2000 1927 2000
1984 2000 1928 2000
1984 2000 1940 2000
1984 2000 1947 2000
1984 2000 1953 2000
1984 2000 1958 2000
1984 2000 1959 2000
1984 2000 1963 2000
1984 2000 1967 2000
1984 2000 1973 2000
1984 2000 1987 2000
1984 2000 1991 2000
1984 2000 1998 2000
1988 2000 986 2000
1993 2000 541 2000
1995 2000 6 2000
1995 2000 17 2000
1995 2000 20 2000
1995 2000 21 2000
1995 2000 25 2000
1995 2000 43 2000
1995 2000 50 2000
1995 2000 52 2000
1995 2000 56 2000
1995 2000 67 2000
1995 2000 71 2000
1995 2000 75 2000
1995 2000 85 2000
1995 2000 89 2000
1995 2000 91 2000
1995 2000 93 2000
1995 2000 95 2000
1995 2000 107 2000
1995 2000 109 2000
1995 2000 119 2000
1995 2000 123 2000
1995 2000 127 2000
1995 2000 132 2000
1995 2000 135 2000
1995 2000 141 2000
1995 2000 142 2000
1995 2000 145 2000
1995 2000 152 2000
1995 2000 158 2000
1995 2000 162 2000
1995 2000 166 2000
1995 2000 171 2000
1995 2000 188 2000
1995 2000 189 2000
1995 2000 196 2000
1995 2000 203 2000
1995 2000 212 2000
1995 2000 213 2000
1995 2000 221 2000
1995 2000 230 2000
1995 2000 236 2000
1995 2000 237 2000
1995 2000 251 2000
1995 2000 255 2000
1995 2000 274 2000
1995 2000 275 2000
1995 2000 286 2000
1995 2000 288 2000
1995 2000 292 2000
1995 2000 295 2000
1995 2000 296 2000
1995 2000 299 2000
1995 2000 300 2000
1995 2000 303 2000
1995 2000 317 2000
1995 2000 318 2000
1995 2000 325 2000
1995 2000 333 2000
1995 2000 337 2000
1995 2000 343 2000
1995 2000 346 2000
1995 2000 350 2000
1995 2000 358 2000
1995 2000 363 2000
1995 2000 365 2000
1995 2000 401 2000
1995 2000 405 2000
1995 2000 407 2000
1995 2000 408 2000
1995 2000 418 2000
1995 2000 438 2000
1995 2000 440 2000
1995 2000 441 2000
1995 2000 450 2000
1995 2000 462 2000
1995 2000 474 2000
1995 2000 477 2000
1995 2000 496 2000
1995 2000 501 2000
1995 2000 508 2000
1995 2000 511 2000
1995 2000 515 2000
1995 2000 532 2000
1995 2000 539 2000
1995 2000 541 2000
1995 2000 566 2000
1995 2000 570 2000
1995 2000 573 2000
1995 2000 579 2000
1995 2000 582 2000
1995 2000 583 2000
1995 2000 604 2000
1995 2000 610 2000
1995 2000 615 2000
1995 2000 622 2000
1995 2000 635 2000
1995 2000 656 2000
1995 2000 658 2000
1995 2000 662 2000
1995 2000 685 2000
1995 2000 691 2000
1995 2000 702 2000
1995 2000 707 2000
1995 2000 736 2000
1995 2000 749 2000
1995 2000 754 2000
1995 2000 761 2000
1995 2000 764 2000
1995 2000 767 2000
1995 2000 769 2000
1995 2000 786 2000
1995 2000 791 2000
1995 2000 795 2000
1995 2000 796 2000
1995 2000 800 2000
1995 2000 816 2000
1995 2000 851 2000
1995 2000 869 2000
1995 2000 870 2000
1995 2000 874 2000
1995 2000 877 2000
1995 2000 891 2000
1995 2000 896 2000
1995 2000 897 2000
1995 2000 903 2000
1995 2000 908 2000
1995 2000 910 2000
1995 2000 914 2000
1995 2000 918 2000
1995 2000 929 2000
1995 2000 933 2000
1995 2000 943 2000
1995 2000 962 2000
1995 2000 970 2000
1995 2000 973 2000
1995 2000 976 2000
1995 2000 978 2000
1995 2000 980 2000
1995 2000 985 2000
1995 2000 987 2000
1995 2000 998 2000
1995 2000 999 2000
1995 2000 1012 2000
1995 2000 1014 2000
1995 2000 1017 2000
1995 2000 1018 2000
1995 2000 1019 2000
1995 2000 1021 2000
1995 2000 1042 2000
1995 2000 1049 2000
1995 2000 1062 2000
1995 2000 1083 2000
1995 2000 1091 2000
1995 2000 1098 2000
1995 2000 1102 2000
1995 2000 1104 2000
1995 2000 1117 2000
1995 2000 1118 2000
1995 2000 1126 2000
1995 2000 1134 2000
1995 2000 1139 2000
1995 2000 1140 2000
1995 2000 1143 2000
1995 2000 1147 2000
1995 2000 1153 2000
1995 2000 1159 2000
1995 2000 1164 2000
1995 2000 1173 2000
1995 2000 1195 2000
1995 2000 1199 2000
1995 2000 1200 2000
1995 2000 1201 2000
1995 2000 1210 2000
1995 2000 1213 2000
1995 2000 1214 2000
1995 2000 1221 2000
1995 2000 1241 2000
1995 2000 1244 2000
1995 2000 1253 2000
1995 2000 1256 2000
1995 2000 1263 2000
1995 2000 1267 2000
1995 2000 1268 2000
1995 2000 1281 2000
1995 2000 1292 2000
1995 2000 1293 2000
1995 2000 1301 2000
1995 2000 1304 2000
1995 2000 1312 2000
1995 2000 1320 2000
1995 2000 1331 2000
1995 2000 1337 2000
1995 2000 1340 2000
1995 2000 1341 2000
1995 2000 1343 2000
1995 2000 1347 2000
1995 2000 1352 2000
1995 2000 1407 2000
1995 2000 1409 2000
1995 2000 1410 2000
1995 2000 1424 2000
1995 2000 1427 2000
1995 2000 1430 2000
1995 2000 1435 2000
1995 2000 1445 2000
1995 2000 1448 2000
1995 2000 1453 2000
1995 2000 1456 2000
1995 2000 1484 2000
1995 2000 1486 2000
1995 2000 1504 2000
1995 2000 1517 2000
1995 2000 1519 2000
1995 2000 1523 2000
1995 2000 1524 2000
1995 2000 1532 2000
1995 2000 1546 2000
1995 2000 1548 2000
1995 2000 1550 2000
1995 2000 1551 2000
1995 2000 1568 2000
1995 2000 1571 2000
1995 2000 1574 2000
1995 2000 1576 2000
1995 2000 1584 2000
1995 2000 1602 2000
1995 2000 1604 2000
1995 2000 1608 2000
1995 2000 1611 2000
1995 2000 1612 2000
1995 2000 1622 2000
1995 2000 1632 2000
1995 2000 1638 2000
1995 2000 1647 2000
1995 2000 1654 2000
1995 2000 1658 2000
1995 2000 1661 2000
1995 2000 1674 2000
1995 2000 1685 2000
1995 2000 1699 2000
1995 2000 1708 2000
1995 2000 1717 2000
1995 2000 1719 2000
1995 2000 1721 2000
1995 2000 1723 2000
1995 2000 1732 2000
1995 2000 1733 2000
1995 2000 1736 2000
1995 2000 1743 2000
1995 2000 1755 2000
1995 2000 1759 2000
1995 2000 1761 2000
1995 2000 1773 2000
1995 2000 1783 2000
1995 2000 1798 2000
1995 2000 1801 2000
1995 2000 1804 2000
1995 2000 1831 2000
1995 2000 1837 2000
1995 2000 1844 2000
1995 2000 1852 2000
1995 2000 1854 2000
1995 2000 1860 2000
1995 2000 1866 2000
1995 2000 1879 2000
1995 2000 1888 2000
1995 2000 1899 2000
1995 2000 1911 2000
1995 2000 1919 2000
1995 2000 1938 2000
1995 2000 1945 2000
1995 2000 1946 2000
1995 2000 1948 2000
1995 2000 1969 2000
1995 2000 1983 2000
1995 2000 1990 2000
1995 2000 1997 2000