301 884
49 776
650 900
482 834
143 371
189 667
378 454
292 378
378 776
162 994
342 812
554 618
262 884
282 667
261 897
743 971
468 482
378 435
234 485
317 802
85 802
218 659
311 991
877 904
723 743
684 834
802 831
42 825
434 614
56 720
143 925
89 482
138 289
725 812
85 720
158 374
618 971
378 673
142 482
743 877
432 825
528 991
378 447
52 835
435 851
11 105
364 487
58 703
528 877
720 812
311 408
454 837
769 802
189 762
650 835
378 667
262 482
749 926
143 615
822 991
139 331
183 877
528 926
667 754
86 510
52 528
91 520
475 507
449 521
20 877
618 996
210 991
196 650
85 667
244 838
86 261
25 877
244 672
139 720
84 356
400 525
85 91
776 834
52 720
822 992
754 991
618 702
143 244
262 434
44 311
398 528
402 667
618 925
262 428
56 114
137 804
52 578
282 636
420 650
506 578