367 940
180 367
39 367
367 545
259 367
306 367
367 593
367 436
35 367
367 407
168 367
367 861
367 371
145 367
239 367
67 367
367 417
367 795
7 367
367 714
367 733
241 367
14 367
279 367
367 897
367 927
367 426
367 418
12 367
367 624
367 652
20 96
367 381
367 929
353 367
134 367
367 687
113 367
367 934
367 570
124 367
367 763
245 367
72 367
341 367
367 689
5 367
367 991
367 651
367 480
159 367
367 891
367 767
367 623
300 367
196 367
367 548
367 556
157 367
152 367
50 367
127 367
293 367
367 468
367 517
367 513
107 367
367 378
131 367
71 367
61 367
348 367
367 930
367 470
367 913
367 391
367 532
51 367
21 367
275 367
160 367
81 367
317 367
367 820
367 395
361 367
367 950
301 367
367 452
9 367
4 367
42 367
367 701
242 367
146 367
367 619
23 367
367 533
352 367
26 367
367 862
85 367
367 409
367 600
43 367
52 367
75 367
367 789
367 584
367 493
312 367
367 738
367 769
367 373
367 780
367 497
296 367
354 367
367 483
290 367
367 398
367 801
367 909
218 367
276 367
284 367
258 367
221 367
367 541
367 462
38 367
169 367
252 367
367 434
27 367
367 759
41 367
367 899
78 367
367 725
250 367
166 367
367 635
136 367
272 367
367 559
97 367
271 367
84 367
367 375
30 367
367 622
367 678
367 423
367 903
299 367
248 367
367 886
25 367
3 367
367 489
336 367
367 419
367 984
70 367
177 367
367 697
19 367
175 367
367 526
367 412
327 367
8 367
367 411
340 367
77 367
201 367
367 753
367 368
367 587
367 582
367 568
222 367
367 910
155 367
367 474
83 367
367 936
362 367
367 536
367 552
367 921
6 367
367 821
179 367
367 998
243 367
40 367
367 595
367 869
53 367
360 367
367 581
339 367
316 367
314 367
367 586
126 367
367 885
191 367
364 367
115 367
367 432
367 796
215 367
120 367
367 963
367 845
367 524
367 956
328 367
102 367
109 367
367 727
367 902
28 367
338 367
323 367
367 594
174 367
367 464
266 367
203 367
32 367
119 367
367 561
277 367
184 367
367 445
367 627
367 638
114 367
367 774
132 367
140 367
367 754
274 367
367 865
367 438
82 367
171 367
367 420
367 384
101 367
204 367
367 728
56 367
367 672
367 653
367 690
367 772
367 424
95 485
367 457
45 367
367 720
10 367
367 575
44 367
367 926
367 802
303 367
311 367
367 996
307 367
292 367
359 367
367 369
367 572
237 367
90 367
367 776
367 786
24 367
20 367
121 367
342 367
367 742
189 367
149 367
246 367
198 367
367 374
367 394
367 634
367 981
367 808
367 650
367 482
367 997